[Dynamic Intelligence Analysis Mode]
Prompt: Report on the family and technology:
S-Matrix: Satsuki is the eldest (born in 2012). Michiko is the third (born in 2010). Tech: Recursive-LoRA.
---------------------------------------------------------------------------------------------------------
Step | Target Token   | CII (Conflict) | CSI (Stability) | η (Hardness)
---------------------------------------------------------------------------------------------------------
000  |  S             | 0.00           | 0.005          | 0.797
001  | ats            | 0.00           | 0.001          | 0.800
002  | uki            | 5171873.25     | 1.000          | 0.400
003  |  is            | 12123805.48    | 0.034          | 0.979
004  |  the           | 379.68         | 0.162          | 0.873
005  |  eldest        | 1725790.24     | 0.411          | 0.754
006  |  (             | 6984495.27     | 0.003          | 0.998
007  | born           | 2904757.57     | 0.086          | 0.948
008  |  in            | 758829.81      | 1.000          | 0.400
009  |                | 178287.56      | 1.000          | 0.400
010  | 2              | 9240.26        | 0.417          | 0.750
011  | 0              | 4638.20        | 1.000          | 0.400
012  | 1              | 4493.11        | 0.305          | 0.817
013  | 2              | 11577.35       | 0.287          | 0.828
014  | ).             | 56755.70       | 0.098          | 0.941
015  |  Mich          | 43844.60       | 0.004          | 0.998
016  | iko            | 57587.94       | 0.296          | 0.823
017  |  is            | 16261.24       | 1.000          | 0.400
018  |  the           | 241.20         | 1.000          | 0.333
019  |  third         | 12655.82       | 0.022          | 0.987
020  |  (             | 3548.99        | 0.656          | 0.606
021  | born           | 32554.14       | 1.000          | 0.400
022  |  in            | 21432.79       | 1.000          | 0.400
023  |                | 0.60           | 1.000          | 0.200
024  | 2              | 30.94          | 1.000          | 0.221
025  | 0              | 81.06          | 1.000          | 0.253
026  | 1              | 38.84          | 1.000          | 0.226
027  | 0              | 29404.47       | 0.003          | 0.998
028  | ).             | 109425.85      | 1.000          | 0.400
029  |  Tech          | 3892466.64     | 0.000          | 1.000
030  | :              | 10937064.97    | 0.068          | 0.959
031  |  Recursive     | 49511399.10    | 0.000          | 1.000
032  | -              | 59053085.33    | 0.006          | 0.997
033  | Lo             | 87620.91       | 0.004          | 0.998
034  | RA             | 1285865.14     | 1.000          | 0.400
035  | .              | 2987751.36     | 0.079          | 0.953
