### [Table 1] Time-Series Response
      X0    X1    X2    X3    X4
0   1.00  0.16  0.60  0.00  0.65
1   1.00  0.27  0.84  0.63  1.02
2   1.00  0.45  1.08  0.93  0.57
3   1.00  0.31  0.53  0.42  0.18
4   1.00 -0.05 -0.05 -0.07  0.07
5   1.00 -0.17 -0.14 -0.21  0.07
6   1.00 -0.09 -0.00 -0.13  0.21
7   1.00 -0.00  0.20  0.01  0.35
8   1.00  0.06  0.31  0.14  0.40
9   1.00  0.08  0.31  0.17  0.34
10 -0.21  0.02  0.18  0.08  0.24
11 -0.18 -0.18 -0.43 -0.03 -0.35
12 -0.37 -0.27 -0.57 -0.46 -0.54
13 -0.40 -0.42 -0.84 -0.64 -0.39
14 -0.36 -0.49 -0.84 -0.65 -0.41
15 -0.33 -0.38 -0.65 -0.61 -0.29
16 -0.05 -0.19 -0.34 -0.37 -0.03
17  0.31  0.17  0.43  0.06  0.38
18  0.80  0.67  1.31  0.80  1.00
19  1.20  1.15  2.25  1.54  1.37
20  0.95  1.06  1.95  1.48  1.12
21  0.29  0.39  0.67  0.59  0.33
22 -0.02  0.01  0.01  0.05 -0.04
23 -0.05 -0.05 -0.10 -0.06 -0.07
24 -0.04 -0.04 -0.08 -0.06 -0.04
25 -0.03 -0.03 -0.06 -0.05 -0.03
26 -0.02 -0.03 -0.05 -0.05 -0.02
27 -0.01 -0.02 -0.03 -0.03 -0.01
28  0.01 -0.00  0.00 -0.01  0.01
29  0.03  0.02  0.05  0.02  0.04
30  0.06  0.05  0.10  0.07  0.07

### [Table 2] Dynamics Analysis
Node  Lag Status
  X0    0 Active
  X1    0 Active
  X2    0 Active
  X3    1 Active
  X4    0 Active
