=== [Table 1] Refined Structural Matrix S (Damped) ===
      X0      X1      X2      X3      X4
X0:   0.6610  0.1438  0.2039  0.0000  0.0000
X1:   0.0000  0.4481  0.4906  0.0000  0.0000
X2:   0.0000  0.5229  0.5399  0.0000  0.0000
X3:   0.4467  0.4855  0.4717  0.3635  0.0000
X4:   0.4118  0.2546  0.3877  0.4269  0.3022

=== [Table 2] Stabilized Rollout (Impulse on X0) ===
Step |     X0 |     X1 |     X2 |     X3 |     X4
--------------------------------------------------
0    |   0.84 |   0.00 |   0.00 |   1.25 |   1.17
1    |  -0.95 |   0.00 |   0.00 |  -0.09 |  -0.11
2    |  -0.54 |   0.00 |   0.00 |  -0.40 |  -0.59
3    |   0.05 |   0.00 |   0.00 |  -0.33 |  -0.60
4    |   0.24 |   0.00 |   0.00 |  -0.11 |  -0.29
5    |   0.14 |   0.00 |   0.00 |   0.03 |  -0.03
6    |   0.01 |   0.00 |   0.00 |   0.06 |   0.06
7    |  -0.05 |   0.00 |   0.00 |   0.03 |   0.06
8    |  -0.04 |   0.00 |   0.00 |   0.01 |   0.02
9    |  -0.01 |   0.00 |   0.00 |  -0.01 |  -0.00
10   |   0.01 |   0.00 |   0.00 |  -0.01 |  -0.01
11   |   0.01 |   0.00 |   0.00 |  -0.00 |  -0.01
12   |   0.01 |   0.00 |   0.00 |   0.00 |  -0.00
13   |   0.00 |   0.00 |   0.00 |   0.00 |   0.00
14   |  -0.00 |   0.00 |   0.00 |   0.00 |   0.00
