### [Table 1] Time-Series Response
      X0    X1    X2    X3    X4
0   1.00  0.72  0.00  0.00  0.00
1   1.00  0.92  0.52  0.00  0.00
2   1.00  0.96  0.82  0.39  0.00
3   1.00  0.98  0.92  0.73  0.29
4   1.00  0.91  0.95  0.88  0.63
5   1.00  0.79  0.91  0.94  0.84
6   1.00  0.71  0.80  0.91  0.91
7   1.00  0.66  0.70  0.82  0.90
8   1.00  0.66  0.65  0.71  0.82
9   1.00  0.68  0.64  0.65  0.71
10  0.23  0.72  0.65  0.63  0.64
11  0.05  0.15  0.69  0.63  0.60
12  0.01 -0.10  0.26  0.66  0.60
13  0.00 -0.18 -0.04  0.34  0.61
14  0.00 -0.21 -0.15  0.04  0.38
15  0.00 -0.15 -0.19 -0.11  0.10
16 -0.00 -0.06 -0.15 -0.17 -0.07
17 -0.00  0.01 -0.08 -0.15 -0.15
18 -0.00  0.04 -0.01 -0.09 -0.15
19 -0.00  0.05  0.04 -0.02 -0.10
20 -0.00  0.04  0.05  0.03 -0.03
21 -0.00  0.02  0.04  0.05  0.02
22 -0.00 -0.00  0.02  0.04  0.04
23 -0.00 -0.01  0.00  0.03  0.04
24 -0.00 -0.02 -0.01  0.01  0.03
25 -0.00 -0.01 -0.02 -0.01  0.01
26 -0.00 -0.01 -0.01 -0.01 -0.00
27 -0.00  0.00 -0.01 -0.01 -0.01
28 -0.00  0.00 -0.00 -0.01 -0.01
29 -0.00  0.01  0.00 -0.00 -0.01
30  0.00  0.00  0.00  0.00 -0.00

### [Table 2] Dynamics Analysis
Node  Lag Status
  X0    0 Active
  X1    0 Active
  X2    1 Active
  X3    2 Active
  X4    3 Active
